simulation has started, status updates are broadcasted after each timestep
f = 
[[ 0.0105458   0.01213433  0.01392223 ...,  0.01392225  0.01213437
   0.01054588]
 [ 0.01056586  0.01215742  0.01394872 ...,  0.01394873  0.01215746
   0.01056595]
 [ 0.01058644  0.0121811   0.01397589 ...,  0.01397591  0.01218114
   0.01058653]
 ..., 
 [ 0.01058644  0.0121811   0.01397589 ...,  0.01397591  0.01218114
   0.01058653]
 [ 0.01056586  0.01215742  0.01394872 ...,  0.01394873  0.01215746
   0.01056595]
 [ 0.0105458   0.01213433  0.01392223 ...,  0.01392225  0.01213437
   0.01054588]]
x Ff = 
[[  1.48492330e-15 +1.57649235e-18j   1.67400815e-15 +4.28786088e-19j
    1.93595140e-15 -8.49115883e-19j ...,   1.93942085e-15 -1.35210822e-18j
    1.69482484e-15 +4.28786088e-19j   1.47104551e-15 +7.31080948e-19j]
 [  1.47798440e-15 +8.11251031e-18j   1.72431514e-15 +8.54126763e-18j
    1.93942085e-15 +8.24627585e-18j ...,   1.92554306e-15 +1.06062342e-17j
    1.71043735e-15 +8.54126763e-18j   1.46063717e-15 +9.55285571e-18j]
 [  1.51094415e-15 +1.39836489e-17j   1.71217207e-15 +1.56141886e-17j
    1.98452366e-15 +1.64250105e-17j ...,   2.00360561e-15 +1.90770691e-17j
    1.75554016e-15 +1.56141886e-17j   1.50053581e-15 +1.43536438e-17j]
 ..., 
 [  1.51094415e-15 -1.39836489e-17j   1.71217207e-15 -1.56141886e-17j
    1.98452366e-15 -1.64250105e-17j ...,   2.00360561e-15 -1.90770691e-17j
    1.75554016e-15 -1.56141886e-17j   1.50053581e-15 -1.43536438e-17j]
 [  1.47798440e-15 -8.11251031e-18j   1.72431514e-15 -8.54126763e-18j
    1.93942085e-15 -8.24627585e-18j ...,   1.92554306e-15 -1.06062342e-17j
    1.71043735e-15 -8.54126763e-18j   1.46063717e-15 -9.55285571e-18j]
 [  1.48492330e-15 -1.57649235e-18j   1.67400815e-15 -4.28786088e-19j
    1.93595140e-15 +8.49115883e-19j ...,   1.93942085e-15 +1.35210822e-18j
    1.69482484e-15 -4.28786088e-19j   1.47104551e-15 -7.31080948e-19j]]
x derivatives = 
[[[  1.05457957e-02   1.21343334e-02   1.39222326e-02 ...,   1.39222497e-02
     1.21343724e-02   1.05458829e-02]
  [  1.05658578e-02   1.21574174e-02   1.39487179e-02 ...,   1.39487350e-02
     1.21574565e-02   1.05659451e-02]
  [  1.05864407e-02   1.21811008e-02   1.39758908e-02 ...,   1.39759080e-02
     1.21811400e-02   1.05865282e-02]
  ..., 
  [  1.05864407e-02   1.21811008e-02   1.39758908e-02 ...,   1.39759080e-02
     1.21811400e-02   1.05865282e-02]
  [  1.05658578e-02   1.21574174e-02   1.39487179e-02 ...,   1.39487350e-02
     1.21574565e-02   1.05659451e-02]
  [  1.05457957e-02   1.21343334e-02   1.39222326e-02 ...,   1.39222497e-02
     1.21343724e-02   1.05458829e-02]]

 [[  1.97829819e-05   2.27629383e-05   2.61168794e-05 ...,   2.61169114e-05
     2.27630115e-05   1.97831455e-05]
  [  2.03318527e-05   2.33944867e-05   2.68414816e-05 ...,   2.68415145e-05
     2.33945619e-05   2.03320208e-05]
  [  2.08245281e-05   2.39613749e-05   2.74918963e-05 ...,   2.74919300e-05
     2.39614520e-05   2.08247002e-05]
  ..., 
  [ -2.08245281e-05  -2.39613749e-05  -2.74918963e-05 ...,  -2.74919300e-05
    -2.39614520e-05  -2.08247002e-05]
  [ -2.03318527e-05  -2.33944867e-05  -2.68414816e-05 ...,  -2.68415145e-05
    -2.33945619e-05  -2.03320208e-05]
  [ -1.97829819e-05  -2.27629383e-05  -2.61168794e-05 ...,  -2.61169114e-05
    -2.27630115e-05  -1.97831455e-05]]

 [[  5.76475545e-07   6.63311391e-07   7.61045143e-07 ...,   7.61046076e-07
     6.63313524e-07   5.76480311e-07]
  [  5.21013101e-07   5.99494510e-07   6.87825343e-07 ...,   6.87826187e-07
     5.99496438e-07   5.21017408e-07]
  [  4.64110624e-07   5.34020681e-07   6.12704457e-07 ...,   6.12705208e-07
     5.34022398e-07   4.64114461e-07]
  ..., 
  [  4.64110624e-07   5.34020681e-07   6.12704457e-07 ...,   6.12705208e-07
     5.34022398e-07   4.64114461e-07]
  [  5.21013101e-07   5.99494510e-07   6.87825343e-07 ...,   6.87826187e-07
     5.99496438e-07   5.21017408e-07]
  [  5.76475545e-07   6.63311391e-07   7.61045143e-07 ...,   7.61046076e-07
     6.63313524e-07   5.76480311e-07]]

 ..., 
 [[ -1.59369367e-09  -1.83375541e-09  -2.10394499e-09 ...,  -2.10394756e-09
    -1.83376138e-09  -1.59370689e-09]
  [ -1.44036494e-09  -1.65733048e-09  -1.90152512e-09 ...,  -1.90152746e-09
    -1.65733575e-09  -1.44037681e-09]
  [ -1.28305560e-09  -1.47632518e-09  -1.69385021e-09 ...,  -1.69385228e-09
    -1.47632997e-09  -1.28306621e-09]
  ..., 
  [ -1.28305560e-09  -1.47632519e-09  -1.69385021e-09 ...,  -1.69385228e-09
    -1.47632997e-09  -1.28306621e-09]
  [ -1.44036494e-09  -1.65733048e-09  -1.90152512e-09 ...,  -1.90152747e-09
    -1.65733575e-09  -1.44037681e-09]
  [ -1.59369365e-09  -1.83375540e-09  -2.10394498e-09 ...,  -2.10394755e-09
    -1.83376137e-09  -1.59370688e-09]]

 [[  1.51197794e-10   1.73973001e-10   1.99606785e-10 ...,   1.99606820e-10
     1.73973596e-10   1.51199118e-10]
  [  1.55388551e-10   1.78795141e-10   2.05139057e-10 ...,   2.05139484e-10
     1.78795722e-10   1.55389813e-10]
  [  1.59158107e-10   1.83132431e-10   2.10115649e-10 ...,   2.10115781e-10
     1.83133007e-10   1.59159432e-10]
  ..., 
  [ -1.59158297e-10  -1.83132623e-10  -2.10115842e-10 ...,  -2.10115988e-10
    -1.83133199e-10  -1.59159619e-10]
  [ -1.55388361e-10  -1.78794949e-10  -2.05138864e-10 ...,  -2.05139277e-10
    -1.78795530e-10  -1.55389627e-10]
  [ -1.51197983e-10  -1.73973192e-10  -1.99606977e-10 ...,  -1.99607029e-10
    -1.73973787e-10  -1.51199303e-10]]

 [[  4.40703814e-12   5.07068530e-12   5.81812963e-12 ...,   5.81810192e-12
     5.07129118e-12   4.40743165e-12]
  [  3.98083889e-12   4.58080354e-12   5.25536530e-12 ...,   5.25541311e-12
     4.58029675e-12   3.98064741e-12]
  [  3.54825453e-12   4.08230227e-12   4.68414628e-12 ...,   4.68417269e-12
     4.08275717e-12   3.54833591e-12]
  ..., 
  [  3.54829571e-12   4.08234300e-12   4.68418676e-12 ...,   4.68420605e-12
     4.08279789e-12   3.54837923e-12]
  [  3.98087593e-12   4.58084106e-12   5.25540307e-12 ...,   5.25545906e-12
     4.58033428e-12   3.98068199e-12]
  [  4.40691467e-12   5.07056133e-12   5.81800539e-12 ...,   5.81796821e-12
     5.07116720e-12   4.40731103e-12]]]
f = 
[[ 0.06066942  0.06066942  0.06066942 ...,  0.06066942  0.06066942
   0.06066942]
 [ 0.06066942  0.06066942  0.06066942 ...,  0.06066942  0.06066942
   0.06066942]
 [ 0.06066942  0.06066942  0.06066942 ...,  0.06066942  0.06066942
   0.06066942]
 ..., 
 [ 0.06066942  0.06066942  0.06066942 ...,  0.06066942  0.06066942
   0.06066942]
 [ 0.06066942  0.06066942  0.06066942 ...,  0.06066942  0.06066942
   0.06066942]
 [ 0.06066942  0.06066942  0.06066942 ...,  0.06066942  0.06066942
   0.06066942]]
x Ff = 
[[  8.33361158e-15+0.j   8.33361158e-15+0.j   8.33361158e-15+0.j ...,
    8.33361158e-15+0.j   8.33361158e-15+0.j   8.33361158e-15+0.j]
 [  8.38218384e-15+0.j   8.38218384e-15+0.j   8.38218384e-15+0.j ...,
    8.38218384e-15+0.j   8.38218384e-15+0.j   8.38218384e-15+0.j]
 [  8.55565618e-15+0.j   8.55565618e-15+0.j   8.55565618e-15+0.j ...,
    8.55565618e-15+0.j   8.55565618e-15+0.j   8.55565618e-15+0.j]
 ..., 
 [  8.55565618e-15+0.j   8.55565618e-15+0.j   8.55565618e-15+0.j ...,
    8.55565618e-15+0.j   8.55565618e-15+0.j   8.55565618e-15+0.j]
 [  8.38218384e-15+0.j   8.38218384e-15+0.j   8.38218384e-15+0.j ...,
    8.38218384e-15+0.j   8.38218384e-15+0.j   8.38218384e-15+0.j]
 [  8.33361158e-15+0.j   8.33361158e-15+0.j   8.33361158e-15+0.j ...,
    8.33361158e-15+0.j   8.33361158e-15+0.j   8.33361158e-15+0.j]]
x derivatives = 
[[[  6.06694174e-02   6.06694174e-02   6.06694174e-02 ...,   6.06694174e-02
     6.06694174e-02   6.06694174e-02]
  [  6.06694174e-02   6.06694174e-02   6.06694174e-02 ...,   6.06694174e-02
     6.06694174e-02   6.06694174e-02]
  [  6.06694174e-02   6.06694174e-02   6.06694174e-02 ...,   6.06694174e-02
     6.06694174e-02   6.06694174e-02]
  ..., 
  [  6.06694174e-02   6.06694174e-02   6.06694174e-02 ...,   6.06694174e-02
     6.06694174e-02   6.06694174e-02]
  [  6.06694174e-02   6.06694174e-02   6.06694174e-02 ...,   6.06694174e-02
     6.06694174e-02   6.06694174e-02]
  [  6.06694174e-02   6.06694174e-02   6.06694174e-02 ...,   6.06694174e-02
     6.06694174e-02   6.06694174e-02]]

 [[  1.03323644e-16   1.03323644e-16   1.03323644e-16 ...,   1.03323644e-16
     1.03323644e-16   1.03323644e-16]
  [ -1.05871667e-16  -1.05871667e-16  -1.05871667e-16 ...,  -1.05871667e-16
    -1.05871667e-16  -1.05871667e-16]
  [  1.33665404e-16   1.33665404e-16   1.33665404e-16 ...,   1.33665404e-16
     1.33665404e-16   1.33665404e-16]
  ..., 
  [ -1.33665404e-16  -1.33665404e-16  -1.33665404e-16 ...,  -1.33665404e-16
    -1.33665404e-16  -1.33665404e-16]
  [  1.05871667e-16   1.05871667e-16   1.05871667e-16 ...,   1.05871667e-16
     1.05871667e-16   1.05871667e-16]
  [ -1.03323644e-16  -1.03323644e-16  -1.03323644e-16 ...,  -1.03323644e-16
    -1.03323644e-16  -1.03323644e-16]]

 [[  8.52001064e-17   8.52001064e-17   8.52001064e-17 ...,   8.52001064e-17
     8.52001064e-17   8.52001064e-17]
  [ -4.38334702e-17  -4.38334702e-17  -4.38334702e-17 ...,  -4.38334702e-17
    -4.38334702e-17  -4.38334702e-17]
  [  4.13613074e-17   4.13613074e-17   4.13613074e-17 ...,   4.13613074e-17
     4.13613074e-17   4.13613074e-17]
  ..., 
  [  4.13613074e-17   4.13613074e-17   4.13613074e-17 ...,   4.13613074e-17
     4.13613074e-17   4.13613074e-17]
  [ -4.38334702e-17  -4.38334702e-17  -4.38334702e-17 ...,  -4.38334702e-17
    -4.38334702e-17  -4.38334702e-17]
  [  8.52001064e-17   8.52001064e-17   8.52001064e-17 ...,   8.52001064e-17
     8.52001064e-17   8.52001064e-17]]

 ..., 
 [[ -8.28650995e-16  -8.28650995e-16  -8.28650995e-16 ...,  -8.28650995e-16
    -8.28650995e-16  -8.28650995e-16]
  [  6.26962096e-16   6.26962096e-16   6.26962096e-16 ...,   6.26962096e-16
     6.26962096e-16   6.26962096e-16]
  [ -6.13187255e-16  -6.13187255e-16  -6.13187255e-16 ...,  -6.13187255e-16
    -6.13187255e-16  -6.13187255e-16]
  ..., 
  [ -6.13187255e-16  -6.13187255e-16  -6.13187255e-16 ...,  -6.13187255e-16
    -6.13187255e-16  -6.13187255e-16]
  [  6.26962096e-16   6.26962096e-16   6.26962096e-16 ...,   6.26962096e-16
     6.26962096e-16   6.26962096e-16]
  [ -8.28650995e-16  -8.28650995e-16  -8.28650995e-16 ...,  -8.28650995e-16
    -8.28650995e-16  -8.28650995e-16]]

 [[  1.14978132e-14   1.14978132e-14   1.14978132e-14 ...,   1.14978132e-14
     1.14978132e-14   1.14978132e-14]
  [ -1.16028352e-14  -1.16028352e-14  -1.16028352e-14 ...,  -1.16028352e-14
    -1.16028352e-14  -1.16028352e-14]
  [  1.18850744e-14   1.18850744e-14   1.18850744e-14 ...,   1.18850744e-14
     1.18850744e-14   1.18850744e-14]
  ..., 
  [ -1.18850744e-14  -1.18850744e-14  -1.18850744e-14 ...,  -1.18850744e-14
    -1.18850744e-14  -1.18850744e-14]
  [  1.16028352e-14   1.16028352e-14   1.16028352e-14 ...,   1.16028352e-14
     1.16028352e-14   1.16028352e-14]
  [ -1.14978132e-14  -1.14978132e-14  -1.14978132e-14 ...,  -1.14978132e-14
    -1.14978132e-14  -1.14978132e-14]]

 [[  8.03496172e-15   8.03496172e-15   8.03496172e-15 ...,   8.03496172e-15
     8.03496172e-15   8.03496172e-15]
  [ -6.91068437e-15  -6.91068437e-15  -6.91068437e-15 ...,  -6.91068437e-15
    -6.91068437e-15  -6.91068437e-15]
  [  6.69863462e-15   6.69863462e-15   6.69863462e-15 ...,   6.69863462e-15
     6.69863462e-15   6.69863462e-15]
  ..., 
  [  6.69863462e-15   6.69863462e-15   6.69863462e-15 ...,   6.69863462e-15
     6.69863462e-15   6.69863462e-15]
  [ -6.91068437e-15  -6.91068437e-15  -6.91068437e-15 ...,  -6.91068437e-15
    -6.91068437e-15  -6.91068437e-15]
  [  8.03496172e-15   8.03496172e-15   8.03496172e-15 ...,   8.03496172e-15
     8.03496172e-15   8.03496172e-15]]]
f = 
[[ 0.00036666  0.00036716  0.00036762 ...,  0.0003512   0.00035191
   0.00035263]
 [ 0.00044671  0.00044732  0.00044788 ...,  0.00042786  0.00042872
   0.00042959]
 [ 0.00054268  0.00054342  0.00054411 ...,  0.00051975  0.0005208
   0.00052186]
 ..., 
 [ 0.33779659  0.33839349  0.33897068 ...,  0.32306181  0.32362001
   0.32419935]
 [ 0.33010103  0.33068581  0.33125145 ...,  0.31570447  0.3162484
   0.31681309]
 [ 0.32165829  0.32222955  0.32278228 ...,  0.30763265  0.30816112
   0.30870996]]
vx Ff = 
[[  4.64081898e-15 +9.20270804e-16j   5.16990964e-15 +7.94069671e-16j
    5.16297075e-15 +6.42281367e-16j ...,   5.10095438e-15 +4.59701721e-16j
    5.09531653e-15 +8.68662781e-16j   5.02809600e-15 +1.00657330e-15j]
 [ -6.39202233e-15 -8.56086035e-16j  -5.87767682e-15 -9.93129190e-16j
   -6.04854708e-15 -3.17454396e-16j ...,  -6.13007908e-15 -6.21031004e-16j
   -5.72458747e-15 -1.04083409e-15j  -6.16433987e-15 -9.40653805e-16j]
 [  2.08600498e-15 +3.98986399e-17j   2.51101223e-15 -2.99673480e-16j
    1.95937017e-15 -5.26271735e-16j ...,   2.58560534e-15 -4.67941658e-16j
    2.40259201e-15 -4.40186082e-17j   2.34968295e-15 -4.62303806e-16j]
 ..., 
 [ -5.86510007e-15 +3.53449908e-16j  -7.11670306e-15 +8.76035355e-17j
   -5.51381857e-15 -5.91323865e-16j ...,  -6.57373461e-15 -1.21647484e-16j
   -6.02295991e-15 -1.57209315e-16j  -5.61443253e-15 -4.60352242e-16j]
 [  3.22224886e-15 +8.56086035e-16j   3.72271658e-15 +1.03476255e-15j
    2.87443680e-15 +1.11455983e-15j ...,   3.23786137e-15 +9.49761103e-16j
    3.83720833e-15 +9.74047232e-16j   3.49546780e-15 +7.76288755e-16j]
 [ -3.74700271e-15 -3.89011739e-16j  -4.29864477e-15 -6.91287305e-16j
   -3.75394160e-15 -7.97972799e-16j ...,  -3.51715185e-15 -7.16007115e-16j
   -3.88578059e-15 -9.92695509e-16j  -3.55878521e-15 -5.59014640e-16j]]
vx derivatives = 
[[[  3.66661234e-04   3.67155193e-04   3.67618875e-04 ...,   3.51200414e-04
     3.51908497e-04   3.52628443e-04]
  [  4.46711920e-04   4.47316534e-04   4.47884380e-04 ...,   4.27855860e-04
     4.28717423e-04   4.29593625e-04]
  [  5.42683078e-04   5.43420993e-04   5.44114387e-04 ...,   5.19752320e-04
     5.20797615e-04   5.21860919e-04]
  ..., 
  [  3.37796594e-01   3.38393486e-01   3.38970677e-01 ...,   3.23061807e-01
     3.23620012e-01   3.24199348e-01]
  [  3.30101029e-01   3.30685807e-01   3.31251451e-01 ...,   3.15704473e-01
     3.16248397e-01   3.16813090e-01]
  [  3.21658286e-01   3.22229545e-01   3.22782276e-01 ...,   3.07632646e-01
     3.08161125e-01   3.08709959e-01]]

 [[  7.29316859e-05   7.30322503e-05   7.31268902e-05 ...,   6.98400549e-05
     6.99799922e-05   7.01224412e-05]
  [  8.75750006e-05   8.76963395e-05   8.78105903e-05 ...,   8.38587535e-05
     8.40265403e-05   8.41973818e-05]
  [  1.04835301e-04   1.04981251e-04   1.05118748e-04 ...,   1.00382043e-04
     1.00582599e-04   1.00786858e-04]
  ..., 
  [ -7.30088211e-03  -7.31225963e-03  -7.32309013e-03 ...,  -6.97992445e-03
    -6.99358524e-03  -7.00757980e-03]
  [ -8.07990976e-03  -8.09274368e-03  -8.10499048e-03 ...,  -7.72486168e-03
    -7.73974417e-03  -7.75501522e-03]
  [ -8.79443062e-03  -8.80861609e-03  -8.82217891e-03 ...,  -8.40814015e-03
    -8.42412674e-03  -8.44055337e-03]]

 [[  1.34565546e-05   1.34755956e-05   1.34935649e-05 ...,   1.28828701e-05
     1.29084853e-05   1.29345962e-05]
  [  1.58891456e-05   1.59117434e-05   1.59330810e-05 ...,   1.52110436e-05
     1.52412368e-05   1.52720231e-05]
  [  1.86978134e-05   1.87245409e-05   1.87497917e-05 ...,   1.78990214e-05
     1.79344890e-05   1.79706635e-05]
  ..., 
  [ -8.09597189e-04  -8.11102616e-04  -8.12565720e-04 ...,  -7.74156569e-04
    -7.75434676e-04  -7.76769044e-04]
  [ -7.47580870e-04  -7.48986490e-04  -7.50354257e-04 ...,  -7.14879112e-04
    -7.16043160e-04  -7.17260409e-04]
  [ -6.80726478e-04  -6.82022440e-04  -6.83285213e-04 ...,  -6.50975607e-04
    -6.52018729e-04  -6.53111589e-04]]

 ..., 
 [[  3.33687391e-07   3.34192286e-07   3.34672146e-07 ...,   3.19266639e-07
     3.19886250e-07   3.20520367e-07]
  [  3.75810905e-07   3.76383345e-07   3.76927784e-07 ...,   3.59550478e-07
     3.60246235e-07   3.60958592e-07]
  [  4.21119928e-07   4.21765758e-07   4.22380437e-07 ...,   4.02877549e-07
     4.03654766e-07   4.04450890e-07]
  ..., 
  [  5.67360374e-06   5.68483101e-06   5.69580769e-06 ...,   5.42450403e-06
     5.43288994e-06   5.44172161e-06]
  [  4.84209917e-06   4.85195760e-06   4.86162394e-06 ...,   4.62989730e-06
     4.63676899e-06   4.64404335e-06]
  [  3.96231791e-06   3.97069692e-06   3.97894330e-06 ...,   3.78912835e-06
     3.79442881e-06   3.80008384e-06]]

 [[  4.04957816e-08   4.05603984e-08   4.06221448e-08 ...,   3.87285881e-08
     3.88019817e-08   3.88773618e-08]
  [  4.37373309e-08   4.38078073e-08   4.38752245e-08 ...,   4.18256917e-08
     4.19045483e-08   4.19856080e-08]
  [  4.68520327e-08   4.69283164e-08   4.70013605e-08 ...,   4.48009271e-08
     4.48849229e-08   4.49713272e-08]
  ..., 
  [ -8.02116743e-07  -8.03421365e-07  -8.04668371e-07 ...,  -7.66510126e-07
    -7.67986422e-07  -7.69503040e-07]
  [ -8.58294890e-07  -8.59723542e-07  -8.61093049e-07 ...,  -8.20221632e-07
    -8.21769069e-07  -8.23362264e-07]
  [ -8.98573740e-07  -9.00099301e-07  -9.01565212e-07 ...,  -8.58742381e-07
    -8.60332674e-07  -8.61973235e-07]]

 [[  3.27661211e-09   3.28245347e-09   3.28809547e-09 ...,   3.13090326e-09
     3.13647955e-09   3.14225740e-09]
  [  3.19288777e-09   3.19874514e-09   3.20441676e-09 ...,   3.05029052e-09
     3.05561824e-09   3.06116226e-09]
  [  3.02054573e-09   3.02627918e-09   3.03184916e-09 ...,   2.88490773e-09
     2.88982465e-09   2.89494758e-09]
  ..., 
  [ -6.39037057e-08  -6.40407250e-08  -6.41756216e-08 ...,  -6.10925969e-08
    -6.11777259e-08  -6.12686660e-08]
  [ -4.83248853e-08  -4.84355978e-08  -4.85453480e-08 ...,  -4.62082983e-08
    -4.62653470e-08  -4.63274150e-08]
  [ -3.21678680e-08  -3.22507600e-08  -3.23336234e-08 ...,  -3.07710457e-08
    -3.07996893e-08  -3.08323389e-08]]]
f = 
[[ 0.06066942  0.06066942  0.06066942 ...,  0.06066942  0.06066942
   0.06066942]
 [ 0.06066942  0.06066942  0.06066942 ...,  0.06066942  0.06066942
   0.06066942]
 [ 0.06066942  0.06066942  0.06066942 ...,  0.06066942  0.06066942
   0.06066942]
 ..., 
 [ 0.06066942  0.06066942  0.06066942 ...,  0.06066942  0.06066942
   0.06066942]
 [ 0.06066942  0.06066942  0.06066942 ...,  0.06066942  0.06066942
   0.06066942]
 [ 0.06066942  0.06066942  0.06066942 ...,  0.06066942  0.06066942
   0.06066942]]
vx Ff = 
[[  1.62110704e-16 +8.10525587e-17j   2.48570778e-16 +4.54430220e-17j
    2.25197435e-16 +1.49930906e-16j ...,   3.81648330e-16 -3.59165794e-17j
   -4.95636435e-17 +1.77597962e-16j   4.59167181e-16 +9.14735876e-18j]
 [  2.81776176e-17 +1.38234469e-16j   1.28218974e-16 -1.49009635e-16j
    5.71365059e-17 +1.27485232e-16j ...,   2.47007150e-16 +7.73595058e-19j
   -8.23763441e-17 +1.60791991e-16j   3.48407827e-16 -5.10119540e-17j]
 [  5.34542631e-16 -7.49414157e-17j   4.82430268e-16 +8.31166727e-18j
    4.62707007e-16 -5.09523177e-17j ...,   5.19759928e-16 -1.04126642e-16j
    3.82247852e-16 +1.42621097e-16j   6.67776527e-16 -1.74529457e-16j]
 ..., 
 [ -3.92187739e-17 -1.41732815e-16j   6.41672478e-17 -2.57804489e-17j
   -8.07233300e-17 -1.83372236e-16j ...,   2.92167164e-17 -8.35482002e-17j
   -1.83811149e-16 -1.37809050e-16j   9.71407908e-18 -5.84549516e-17j]
 [  1.93073372e-17 +1.73148366e-16j   8.48497669e-17 +1.57580443e-16j
    1.43714007e-16 +2.02939589e-16j ...,   1.14944951e-16 +1.83398380e-16j
    3.40606688e-17 +1.80030286e-16j   1.94722672e-16 +1.83413605e-16j]
 [ -4.23500618e-17 -4.80711449e-17j   1.31183056e-16 +5.00253660e-17j
    8.43305085e-17 -2.16235209e-17j ...,   8.80834179e-17 +1.01572587e-17j
    1.90832280e-17 +8.25089373e-17j   1.13665553e-16 +8.64837620e-17j]]
vx derivatives = 
[[[  6.06694174e-02   6.06694174e-02   6.06694174e-02 ...,   6.06694174e-02
     6.06694174e-02   6.06694174e-02]
  [  6.06694174e-02   6.06694174e-02   6.06694174e-02 ...,   6.06694174e-02
     6.06694174e-02   6.06694174e-02]
  [  6.06694174e-02   6.06694174e-02   6.06694174e-02 ...,   6.06694174e-02
     6.06694174e-02   6.06694174e-02]
  ..., 
  [  6.06694174e-02   6.06694174e-02   6.06694174e-02 ...,   6.06694174e-02
     6.06694174e-02   6.06694174e-02]
  [  6.06694174e-02   6.06694174e-02   6.06694174e-02 ...,   6.06694174e-02
     6.06694174e-02   6.06694174e-02]
  [  6.06694174e-02   6.06694174e-02   6.06694174e-02 ...,   6.06694174e-02
     6.06694174e-02   6.06694174e-02]]

 [[  7.66136557e-17   7.12771698e-17   8.95422508e-17 ...,   1.03213754e-16
     7.20258565e-17   1.00097757e-16]
  [ -8.73223815e-17  -8.64865521e-17  -6.14020051e-17 ...,  -1.06265433e-16
    -6.56179622e-17  -1.22279763e-16]
  [ -1.02010382e-16  -1.16417261e-16  -1.07929411e-16 ...,  -9.68382215e-17
    -9.17469436e-17  -1.02868267e-16]
  ..., 
  [ -1.90292816e-16  -2.20016996e-16  -1.99218945e-16 ...,  -1.82890683e-16
    -2.03166637e-16  -2.15802359e-16]
  [  1.96306177e-16   2.16247704e-16   2.07089272e-16 ...,   1.93137949e-16
     2.24264901e-16   2.18775896e-16]
  [ -3.32473426e-16  -3.62447214e-16  -3.31409738e-16 ...,  -3.54900509e-16
    -3.34604291e-16  -3.77709645e-16]]

 [[ -1.95786159e-16  -1.86886236e-16  -1.23054566e-16 ...,  -1.39049878e-16
    -1.25114221e-16  -1.60502150e-16]
  [ -1.38112793e-16  -1.61957515e-16  -1.87089167e-16 ...,  -1.99122728e-16
    -1.91061575e-16  -2.04783178e-16]
  [  1.85099448e-16   2.13052251e-16   1.90737005e-16 ...,   2.29276505e-16
     2.63559814e-16   2.55099614e-16]
  ..., 
  [  7.43958422e-18   1.01533253e-17  -6.23210919e-18 ...,  -1.60314865e-17
     1.62664358e-17  -8.82187194e-18]
  [  7.76021734e-17   9.02079913e-17   1.12893640e-16 ...,   7.38893413e-17
     9.43232060e-17   1.10631283e-16]
  [ -2.78362942e-16  -3.00226729e-16  -3.22792849e-16 ...,  -3.05438480e-16
    -3.03757635e-16  -3.74283807e-16]]

 ..., 
 [[  7.19196186e-16   6.30763405e-16   3.26682749e-16 ...,   4.36865069e-16
     1.83583877e-16   4.42999529e-16]
  [  3.32202990e-16   5.07242389e-16   6.80836549e-16 ...,   7.80026320e-16
     8.95057412e-16   8.23829449e-16]
  [ -8.71403801e-16  -1.08184166e-15  -1.11774114e-15 ...,  -1.38243515e-15
    -1.46051528e-15  -1.48365680e-15]
  ..., 
  [  6.31310612e-16   6.73388030e-16   8.37226578e-16 ...,   7.79302792e-16
     6.24279982e-16   8.57737760e-16]
  [ -1.81489403e-15  -1.95498109e-15  -2.09698413e-15 ...,  -1.92749958e-15
    -1.91606097e-15  -2.22050521e-15]
  [  4.41228276e-15   4.68284492e-15   4.73716305e-15 ...,   4.53653661e-15
     4.61119161e-15   5.02750480e-15]]

 [[ -2.12022080e-15  -2.93072266e-15  -1.85191066e-15 ...,  -9.37250387e-17
    -2.87216438e-15  -2.71968191e-16]
  [  1.98663629e-15   2.81519258e-15   2.18030919e-15 ...,   3.10319737e-16
     3.02581677e-15   3.90584497e-16]
  [ -3.61849355e-15  -4.60036363e-15  -4.03384347e-15 ...,  -2.29577771e-15
    -5.06044249e-15  -2.43669831e-15]
  ..., 
  [ -1.37598669e-14  -1.55920502e-14  -1.40883008e-14 ...,  -1.40287043e-14
    -1.49787940e-14  -1.54169932e-14]
  [  1.61487387e-14   1.81031451e-14   1.64151338e-14 ...,   1.63235913e-14
     1.73121440e-14   1.77417180e-14]
  [ -1.68997872e-14  -1.89529500e-14  -1.69882028e-14 ...,  -1.70631288e-14
    -1.79294501e-14  -1.80999388e-14]]

 [[ -3.93796899e-15  -2.90624686e-15  -1.31510918e-15 ...,  -1.86813990e-15
     7.90649694e-16  -1.48375261e-15]
  [ -7.34717517e-16  -2.19827016e-15  -3.40414499e-15 ...,  -4.28466122e-15
    -5.64849414e-15  -4.75391453e-15]
  [  3.84266157e-15   5.49484610e-15   6.16753179e-15 ...,   8.26143393e-15
     8.58966034e-15   8.94929873e-15]
  ..., 
  [ -1.15706697e-14  -1.22840654e-14  -1.36686840e-14 ...,  -1.26409915e-14
    -1.14776828e-14  -1.39883408e-14]
  [  2.35851836e-14   2.52207163e-14   2.60618399e-14 ...,   2.47027271e-14
     2.43789301e-14   2.72196145e-14]
  [ -4.24750097e-14  -4.53716762e-14  -4.52246018e-14 ...,  -4.36773776e-14
    -4.40835620e-14  -4.72456793e-14]]]
f = 
[[ 0.01228462  0.01409101  0.01611681 ...,  0.01199414  0.01042161
   0.00902943]
 [ 0.01236187  0.01417835  0.01621525 ...,  0.01196346  0.01039399
   0.00900467]
 [ 0.0124348   0.01426085  0.01630829 ...,  0.01193851  0.01037145
   0.00898439]
 ..., 
 [ 0.00895458  0.01033784  0.01190067 ...,  0.01635762  0.01430493
   0.01247407]
 [ 0.00897118  0.01035623  0.01192093 ...,  0.01627036  0.01422759
   0.01240573]
 [ 0.00899233  0.01037976  0.01194701 ...,  0.01617746  0.01414519
   0.01233288]]
x Ff = 
[[  1.68441650e-15 +5.24618326e-16j   1.99319727e-15 +6.69887865e-16j
    2.32626418e-15 +8.34862778e-16j ...,   2.19962937e-15 -7.99355157e-16j
    1.94982919e-15 -5.97137899e-16j   1.68268177e-15 -4.19315190e-16j]
 [  1.63931368e-15 +5.21541903e-16j   1.93942085e-15 +8.20158286e-16j
    2.25860997e-15 +8.50936075e-16j ...,   2.26554886e-15 -7.74811530e-16j
    1.91686944e-15 -7.75245211e-16j   1.71737624e-15 -5.05793866e-16j]
 [  1.61329283e-15 +6.29094758e-16j   1.91166527e-15 +6.91368620e-16j
    2.19269047e-15 +9.99959664e-16j ...,   2.40085729e-15 -9.15757812e-16j
    1.83880688e-15 -7.43044406e-16j   1.72951931e-15 -5.20173097e-16j]
 ..., 
 [  1.61329283e-15 -6.29094758e-16j   1.91166527e-15 -6.91368620e-16j
    2.19269047e-15 -9.99959664e-16j ...,   2.40085729e-15 +9.15757812e-16j
    1.83880688e-15 +7.43044406e-16j   1.72951931e-15 +5.20173097e-16j]
 [  1.63931368e-15 -5.21541903e-16j   1.93942085e-15 -8.20158286e-16j
    2.25860997e-15 -8.50936075e-16j ...,   2.26554886e-15 +7.74811530e-16j
    1.91686944e-15 +7.75245211e-16j   1.71737624e-15 +5.05793866e-16j]
 [  1.68441650e-15 -5.24618326e-16j   1.99319727e-15 -6.69887865e-16j
    2.32626418e-15 -8.34862778e-16j ...,   2.19962937e-15 +7.99355157e-16j
    1.94982919e-15 +5.97137899e-16j   1.68268177e-15 +4.19315190e-16j]]
x derivatives = 
[[[  1.22846189e-02   1.40910098e-02   1.61168074e-02 ...,   1.19941397e-02
     1.04216099e-02   9.02943271e-03]
  [  1.23618695e-02   1.41783512e-02   1.62152544e-02 ...,   1.19634600e-02
     1.03939920e-02   9.00467370e-03]
  [  1.24347969e-02   1.42608456e-02   1.63082855e-02 ...,   1.19385077e-02
     1.03714461e-02   8.98439192e-03]
  ..., 
  [  8.95457773e-03   1.03378442e-02   1.19006697e-02 ...,   1.63576188e-02
     1.43049273e-02   1.24740692e-02]
  [  8.97118373e-03   1.03562307e-02   1.19209329e-02 ...,   1.62703616e-02
     1.42275870e-02   1.24057275e-02]
  [  8.99233240e-03   1.03797642e-02   1.19470093e-02 ...,   1.61774603e-02
     1.41451941e-02   1.23328784e-02]]

 [[  7.93165047e-05   8.96575105e-05   1.01034450e-04 ...,  -3.35283791e-05
    -3.01406619e-05  -2.69860316e-05]
  [  7.51363549e-05   8.49711206e-05   9.57985750e-05 ...,  -2.78231923e-05
    -2.50881766e-05  -2.25259247e-05]
  [  7.06720431e-05   7.99656426e-05   9.02055141e-05 ...,  -2.20751025e-05
    -1.99978838e-05  -1.80326586e-05]
  ..., 
  [  1.43260687e-05   1.58032538e-05   1.73455872e-05 ...,  -8.43234670e-05
    -7.47144218e-05  -6.59992508e-05]
  [  1.88819026e-05   2.09652398e-05   2.31757014e-05 ...,  -9.01357437e-05
    -7.99171092e-05  -7.06403354e-05]
  [  2.34103302e-05   2.60960497e-05   2.89705124e-05 ...,  -9.56089245e-05
    -8.48169536e-05  -7.50117957e-05]]

 [[ -4.03404095e-06  -4.52236140e-06  -5.05230726e-06 ...,   5.68079968e-06
     5.03102057e-06   4.44130101e-06]
  [ -4.32431625e-06  -4.84825557e-06  -5.41704327e-06 ...,   5.72809751e-06
     5.07266135e-06   4.47779196e-06]
  [ -4.60207976e-06  -5.16022124e-06  -5.76632924e-06 ...,   5.76663866e-06
     5.10666711e-06   4.50764894e-06]
  ..., 
  [  4.56737892e-06   5.17508453e-06   5.84490401e-06 ...,  -5.97601221e-06
    -5.34886392e-06  -4.77118059e-06]
  [  4.54321587e-06   5.14764912e-06   5.81390028e-06 ...,  -5.64555091e-06
    -5.05381243e-06  -4.50856200e-06]
  [  4.51254086e-06   5.11270529e-06   5.77426895e-06 ...,  -5.29815817e-06
    -4.74348340e-06  -4.23220750e-06]]

 ..., 
 [[  1.07890681e-08   1.20186945e-08   1.33400654e-08 ...,  -8.97355618e-09
    -7.83948969e-09  -6.82556016e-09]
  [  1.25143351e-08   1.39312679e-08   1.54530464e-08 ...,  -8.75318706e-09
    -7.63183379e-09  -6.63105304e-09]
  [  1.42089340e-08   1.58105408e-08   1.75300535e-08 ...,  -8.57460341e-09
    -7.46242489e-09  -6.47139510e-09]
  ..., 
  [ -6.37529349e-09  -7.36358620e-09  -8.47536874e-09 ...,   1.89343692e-08
     1.70893314e-08   1.53692780e-08]
  [ -6.50884370e-09  -7.50499310e-09  -8.62385303e-09 ...,   1.69357303e-08
     1.52815031e-08   1.37395565e-08]
  [ -6.67983273e-09  -7.68752484e-09  -8.81730747e-09 ...,   1.48857211e-08
     1.34261739e-08   1.20661224e-08]]

 [[  1.73497007e-09   1.92306390e-09   2.12425518e-09 ...,   2.40310431e-10
     2.25913978e-10   2.11148676e-10]
  [  1.71275736e-09   1.89901280e-09   2.09836162e-09 ...,   1.99927628e-10
     1.88941933e-10   1.77453913e-10]
  [  1.67359921e-09   1.85642468e-09   2.05226423e-09 ...,   1.56829212e-10
     1.49503883e-10   1.41523539e-10]
  ..., 
  [ -1.14241683e-10  -1.20195237e-10  -1.25283580e-10 ...,  -1.96629742e-09
    -1.77797223e-09  -1.60228551e-09]
  [ -1.52581115e-10  -1.62312797e-10  -1.71347998e-10 ...,  -2.02765121e-09
    -1.83463104e-09  -1.65436720e-09]
  [ -1.89044846e-10  -2.02360115e-10  -2.15131934e-10 ...,  -2.06904393e-09
    -1.87297782e-09  -1.68971369e-09]]

 [[ -1.38197680e-11  -1.48702531e-11  -1.58912751e-11 ...,  -3.88259091e-11
    -3.55533388e-11  -3.24147102e-11]
  [ -3.06520380e-11  -3.32831139e-11  -3.59544053e-11 ...,  -4.18292500e-11
    -3.82888354e-11  -3.48853965e-11]
  [ -4.76984399e-11  -5.19328815e-11  -5.62839139e-11 ...,  -4.42895562e-11
    -4.05205352e-11  -3.69151741e-11]
  ..., 
  [ -3.91404661e-11  -4.30008156e-11  -4.70347411e-11 ...,  -7.13447569e-11
    -6.58208217e-11  -6.04538884e-11]
  [ -3.74756581e-11  -4.11668922e-11  -4.50151019e-11 ...,  -5.13694223e-11
    -4.75009660e-11  -4.37123882e-11]
  [ -3.53621772e-11  -3.88227959e-11  -4.24391841e-11 ...,  -3.14396687e-11
    -2.92121266e-11  -2.69958351e-11]]]
f = 
[[ 0.06066942  0.06066942  0.06066942 ...,  0.06066942  0.06066942
   0.06066942]
 [ 0.06066942  0.06066942  0.06066942 ...,  0.06066942  0.06066942
   0.06066942]
 [ 0.06066942  0.06066942  0.06066942 ...,  0.06066942  0.06066942
   0.06066942]
 ..., 
 [ 0.06066942  0.06066942  0.06066942 ...,  0.06066942  0.06066942
   0.06066942]
 [ 0.06066942  0.06066942  0.06066942 ...,  0.06066942  0.06066942
   0.06066942]
 [ 0.06066942  0.06066942  0.06066942 ...,  0.06066942  0.06066942
   0.06066942]]
x Ff = 
[[  9.14546217e-15 +2.84166143e-15j   9.50628465e-15 +3.32275684e-15j
    9.74914593e-15 +3.64703329e-15j ...,   9.74914593e-15 -3.64042029e-15j
    9.50628465e-15 -3.32438335e-15j   9.11770659e-15 -2.84003493e-15j]
 [  8.96505092e-15 +2.92151748e-15j   9.27036226e-15 +3.50099670e-15j
    9.51322354e-15 +3.85083734e-15j ...,   9.51322354e-15 -3.84475189e-15j
    9.27036226e-15 -3.50662642e-15j   8.93729535e-15 -2.91588776e-15j]
 [  8.80545636e-15 +3.06256505e-15j   9.18015663e-15 +3.76567724e-15j
    9.44383460e-15 +4.08694176e-15j ...,   9.44383460e-15 -4.08433921e-15j
    9.18015663e-15 -3.77259082e-15j   8.80545636e-15 -3.05565147e-15j]
 ..., 
 [  8.80545636e-15 -3.06256505e-15j   9.18015663e-15 -3.76567724e-15j
    9.44383460e-15 -4.08694176e-15j ...,   9.44383460e-15 +4.08433921e-15j
    9.18015663e-15 +3.77259082e-15j   8.80545636e-15 +3.05565147e-15j]
 [  8.96505092e-15 -2.92151748e-15j   9.27036226e-15 -3.50099670e-15j
    9.51322354e-15 -3.85083734e-15j ...,   9.51322354e-15 +3.84475189e-15j
    9.27036226e-15 +3.50662642e-15j   8.93729535e-15 +2.91588776e-15j]
 [  9.14546217e-15 -2.84166143e-15j   9.50628465e-15 -3.32275684e-15j
    9.74914593e-15 -3.64703329e-15j ...,   9.74914593e-15 +3.64042029e-15j
    9.50628465e-15 +3.32438335e-15j   9.11770659e-15 +2.84003493e-15j]]
x derivatives = 
[[[  6.06694174e-02   6.06694174e-02   6.06694174e-02 ...,   6.06694174e-02
     6.06694174e-02   6.06694174e-02]
  [  6.06694174e-02   6.06694174e-02   6.06694174e-02 ...,   6.06694174e-02
     6.06694174e-02   6.06694174e-02]
  [  6.06694174e-02   6.06694174e-02   6.06694174e-02 ...,   6.06694174e-02
     6.06694174e-02   6.06694174e-02]
  ..., 
  [  6.06694174e-02   6.06694174e-02   6.06694174e-02 ...,   6.06694174e-02
     6.06694174e-02   6.06694174e-02]
  [  6.06694174e-02   6.06694174e-02   6.06694174e-02 ...,   6.06694174e-02
     6.06694174e-02   6.06694174e-02]
  [  6.06694174e-02   6.06694174e-02   6.06694174e-02 ...,   6.06694174e-02
     6.06694174e-02   6.06694174e-02]]

 [[  1.04944958e-16   1.01547152e-16   8.84344116e-17 ...,   2.18669363e-16
     1.45197258e-16   1.63242093e-16]
  [ -9.63236792e-17  -1.01350447e-16  -8.22986877e-17 ...,  -2.02742494e-16
    -1.52744336e-16  -1.75849839e-16]
  [  1.23428986e-16   1.19600966e-16   1.02638282e-16 ...,   2.14911871e-16
     1.73061257e-16   2.02489477e-16]
  ..., 
  [ -2.02323317e-16  -1.72491100e-16  -2.11587896e-16 ...,  -1.05964514e-16
    -1.20216900e-16  -1.23549370e-16]
  [  1.75561039e-16   1.52729137e-16   2.01428590e-16 ...,   8.36149549e-17
     1.01413343e-16   9.65647833e-17]
  [ -1.65200922e-16  -1.46767660e-16  -2.19446164e-16 ...,  -8.76600846e-17
    -1.00026439e-16  -1.02936439e-16]]

 [[  3.22428463e-16   3.65213127e-16   3.72859346e-16 ...,  -2.62137617e-16
    -1.74933034e-16  -1.72182091e-16]
  [ -2.62365584e-16  -3.13356753e-16  -3.35893130e-16 ...,   2.54523462e-16
     2.12757367e-16   1.85990461e-16]
  [  2.33795428e-16   2.84589710e-16   3.14688884e-16 ...,  -2.37865247e-16
    -2.06954963e-16  -1.44136058e-16]
  ..., 
  [ -1.42840544e-16  -2.07951358e-16  -2.37449312e-16 ...,   3.14272742e-16
     2.85582334e-16   2.32503684e-16]
  [  1.84184050e-16   2.12005811e-16   2.49400066e-16 ...,  -3.30769517e-16
    -3.12601284e-16  -2.60563085e-16]
  [ -1.73185608e-16  -1.76210887e-16  -2.57887377e-16 ...,   3.68608877e-16
     3.66486915e-16   3.23436043e-16]]

 ..., 
 [[ -3.00308228e-15  -3.51915774e-15  -3.60980425e-15 ...,   2.77258876e-15
     1.77073181e-15   1.59393846e-15]
  [  2.68885764e-15   3.20802636e-15   3.41287328e-15 ...,  -2.57155049e-15
    -1.94017772e-15  -1.59610154e-15]
  [ -2.48617252e-15  -3.01618472e-15  -3.28714109e-15 ...,   2.36524768e-15
     1.94979099e-15   1.38092367e-15]
  ..., 
  [  1.37225532e-15   1.95806110e-15   2.36248539e-15 ...,  -3.28437471e-15
    -3.02438040e-15  -2.47757859e-15]
  [ -1.59071813e-15  -1.94433797e-15  -2.54688378e-15 ...,   3.38820228e-15
     3.21210939e-15   2.68355145e-15]
  [  1.59896740e-15   1.77574629e-15   2.74277751e-15 ...,  -3.57998850e-15
    -3.52409204e-15  -3.00819141e-15]]

 [[  1.19359840e-14   1.17129783e-14   9.50612075e-15 ...,   2.02465206e-14
     1.57750506e-14   1.67598132e-14]
  [ -1.16785747e-14  -1.16401246e-14  -9.59011727e-15 ...,  -1.98266855e-14
    -1.56933557e-14  -1.69834909e-14]
  [  1.17901480e-14   1.19282250e-14   9.87561000e-15 ...,   1.94055844e-14
     1.57835014e-14   1.70798056e-14]
  ..., 
  [ -1.70559815e-14  -1.58035619e-14  -1.93208054e-14 ...,  -9.96060843e-15
    -1.19126168e-14  -1.18095199e-14]
  [  1.69766893e-14   1.57159766e-14   1.97654525e-14 ...,   9.65158001e-15
     1.16221425e-14   1.16807375e-14]
  [ -1.67542606e-14  -1.58004024e-14  -2.02279955e-14 ...,  -9.52488640e-15
    -1.16924590e-14  -1.19367040e-14]]

 [[  2.85521575e-14   3.41001093e-14   3.55223593e-14 ...,  -2.82892599e-14
    -1.79811463e-14  -1.53315982e-14]
  [ -2.66096501e-14  -3.20769533e-14  -3.41670359e-14 ...,   2.61886212e-14
     1.88435913e-14   1.50263742e-14]
  [  2.50842932e-14   3.07234059e-14   3.32450465e-14 ...,  -2.42154427e-14
    -1.90066280e-14  -1.37910733e-14]
  ..., 
  [ -1.37490049e-14  -1.90855522e-14  -2.41966737e-14 ...,   3.32262170e-14
     3.08012289e-14   2.50433260e-14]
  [  1.50063069e-14   1.89008968e-14   2.60432159e-14 ...,  -3.40215670e-14
    -3.21331164e-14  -2.65907253e-14]
  [ -1.53537291e-14  -1.80262523e-14  -2.80854079e-14 ...,   3.53184407e-14
     3.41440288e-14   2.85754750e-14]]]
f = 
[[ 0.00043532  0.00043174  0.00042796 ...,  0.00044238  0.00044522
   0.00044781]
 [ 0.00052943  0.00052517  0.00052067 ...,  0.00053694  0.00054038
   0.00054352]
 [ 0.00064202  0.00063697  0.00063163 ...,  0.00064985  0.00065401
   0.00065781]
 ..., 
 [ 0.32927645  0.33012433  0.3309771  ...,  0.31597789  0.3162103
   0.31648276]
 [ 0.32073437  0.32158989  0.32245326 ...,  0.30795309  0.3081404
   0.30836919]
 [ 0.3115163   0.31237558  0.3132455  ...,  0.29927979  0.29942338
   0.29960964]]
vx Ff = 
[[  6.47355433e-15 +3.77302356e-17j   5.60228947e-15 -1.04517089e-16j
    5.88374835e-15 +3.99420080e-16j ...,   6.81399381e-15 -1.43765208e-15j
    6.45664078e-15 -5.35162192e-16j   5.92451435e-15 -1.15055535e-15j]
 [ -4.23814629e-15 -1.56168481e-15j  -3.65744761e-15 -1.20693386e-15j
   -4.25657773e-15 -1.36262529e-15j ...,  -4.75682861e-15 -2.42731182e-15j
   -4.52524303e-15 -3.41306844e-15j  -4.66206934e-15 -3.11469600e-15j]
 [  3.80685067e-15 -2.72514216e-16j   2.99760217e-15 -7.87456038e-16j
    3.85542293e-15 -4.89842542e-16j ...,   3.93868965e-15 -2.08199343e-15j
    4.27869545e-15 -1.72854352e-15j   3.72792075e-15 -1.97693424e-15j]
 ..., 
 [ -7.04514572e-15 -3.23959609e-16j  -7.71605002e-15 -2.63244287e-16j
   -6.68779268e-15 -1.23815888e-16j ...,  -3.04964387e-15 +2.00143721e-16j
   -3.15155887e-15 +4.67507977e-16j  -1.93855348e-15 -3.14418630e-17j]
 [  3.90009205e-15 +1.48622434e-15j   4.70370271e-15 +1.31622144e-15j
    3.44255874e-15 +5.75060832e-16j ...,   6.06112383e-15 +1.81582180e-15j
    6.13398221e-15 +1.43851944e-15j   5.81522677e-15 +1.73602452e-15j]
 [ -2.99153063e-15 -1.39298295e-15j  -4.10262102e-15 -1.13364179e-15j
   -3.65896549e-15 -7.33788030e-16j ...,  -2.33537148e-15 -2.61943245e-16j
   -1.95069655e-15 -1.71737624e-16j  -1.19045399e-15 +1.82145965e-17j]]
vx derivatives = 
[[[  4.35324049e-04   4.31741875e-04   4.27960118e-04 ...,   4.42376289e-04
     4.45224544e-04   4.47814931e-04]
  [  5.29430930e-04   5.25169813e-04   5.20666761e-04 ...,   5.36937118e-04
     5.40384673e-04   5.43524932e-04]
  [  6.42024586e-04   6.36972443e-04   6.31627974e-04 ...,   6.49852044e-04
     6.54012044e-04   6.57806992e-04]
  ..., 
  [  3.29276449e-01   3.30124334e-01   3.30977105e-01 ...,   3.15977892e-01
     3.16210297e-01   3.16482756e-01]
  [  3.20734368e-01   3.21589889e-01   3.22453258e-01 ...,   3.07953087e-01
     3.08140399e-01   3.08369187e-01]
  [  3.11516299e-01   3.12375577e-01   3.13245498e-01 ...,   2.99279793e-01
     2.99423378e-01   2.99609635e-01]]

 [[  8.58268017e-05   8.51992145e-05   8.45328984e-05 ...,   8.63290262e-05
     8.68773523e-05   8.73800530e-05]
  [  1.02851453e-04   1.02118865e-04   1.01340113e-04 ...,   1.03248658e-04
     1.03901641e-04   1.04501216e-04]
  [  1.22870574e-04   1.22018600e-04   1.21111790e-04 ...,   1.23105096e-04
     1.23880082e-04   1.24592770e-04]
  ..., 
  [ -8.18111715e-03  -8.17153536e-03  -8.15891168e-03 ...,  -7.67916677e-03
    -7.72483432e-03  -7.76896839e-03]
  [ -8.89172896e-03  -8.88603819e-03  -8.87746602e-03 ...,  -8.35990982e-03
    -8.40437310e-03  -8.44752664e-03]
  [ -9.53244764e-03  -9.53061203e-03  -9.52607526e-03 ...,  -8.97551900e-03
    -9.01845725e-03  -9.06031535e-03]]

 [[  1.56639563e-05   1.55657071e-05   1.54605874e-05 ...,   1.55832824e-05
     1.56799908e-05   1.57694341e-05]
  [  1.84516724e-05   1.83397016e-05   1.82197036e-05 ...,   1.83201664e-05
     1.84331251e-05   1.85377667e-05]
  [  2.16607745e-05   2.15337469e-05   2.13973782e-05 ...,   2.14643560e-05
     2.15957900e-05   2.17177423e-05]
  ..., 
  [ -7.44185430e-04  -7.48080312e-04  -7.52124952e-04 ...,  -7.11986968e-04
    -7.10951596e-04  -7.10136160e-04]
  [ -6.76313933e-04  -6.80194001e-04  -6.84244868e-04 ...,  -6.48802734e-04
    -6.47433666e-04  -6.46291705e-04]
  [ -6.04551307e-04  -6.08374733e-04  -6.12387378e-04 ...,  -5.81859784e-04
    -5.80183514e-04  -5.78738873e-04]]

 ..., 
 [[  3.75435948e-07   3.74137420e-07   3.72695547e-07 ...,   3.63723544e-07
     3.65746304e-07   3.67662038e-07]
  [  4.21127442e-07   4.19790546e-07   4.18296447e-07 ...,   4.07072253e-07
     4.09296949e-07   4.11409027e-07]
  [  4.69916704e-07   4.68561561e-07   4.67035285e-07 ...,   4.53215672e-07
     4.55645833e-07   4.57958806e-07]
  ..., 
  [  4.78952916e-06   4.83266121e-06   4.87817933e-06 ...,   4.58783694e-06
